1.0	0.992021287371	0.984043372566	0.976067053172	0.968093126294	
0.960122388323	0.952155634692	0.944193659639	0.936237255972	0.92828721483
0.920344325446	0.912409374915	0.904483147959	0.896566426691	0.888659990388
0.88076461526	0.872881074217	0.86501013665	0.857152568198	0.84930913053
0.841480581122	0.833667673035	0.825871154704	0.818091769716	0.810330256604
0.802587348634	0.794863773596	0.787160253604	0.779477504888	0.771816237602
0.764177155622	0.756560956356	0.748968330553	0.741399962119	0.733856527928
0.726338697649	0.718847133564	0.711382490399	0.703945415152	0.696536546928
0.689156516779	0.681805947545	0.674485453696	0.667195641191	0.659937107321
0.652710440576	0.645516220501	0.638355017565	0.631227393032	0.624133898835
0.617075077452	0.610051461795	0.603063575094	0.59611193079	0.589197032431
0.582319373577	0.575479437698	0.568677698093	0.561914617797	0.555190649507
0.5485062355	0.541861807566	0.535257786938	0.528694584231	0.522172599386
0.515692221612	0.509253829343	0.502857790191	0.496504460907	0.490194187349
0.483927304446	0.47770413618	0.471524995559	0.465390184602	0.45929999433
0.453254704754	0.447254584875	0.441299892685	0.435390875171	0.429527768327
0.423710797167	0.417940175743	0.412216107172	0.406538783656	0.400908386521
0.395325086245	0.389789042504	0.384300404207	0.378859309553	0.373465886074
0.368120250694	0.362822509784	0.357572759229	0.352371084491	0.347217560677
0.342112252617	0.337055214934	0.332046492127	0.327086118655	0.322174119022
0.317310507863	0.312495290043	0.307728460745	0.303010005577	0.298339900662
0.293718112752	0.289144599328	0.284619308712	0.280142180178	0.275713144064
0.271332121893	0.266999026485	0.262713762085	0.25847622448	0.254286301126
0.250143871274	0.246048806103	0.242000968842	0.23800021491	0.234046392046
0.230139340443	0.226278892888	0.222464874896	0.218697104851	0.214975394149
0.211299547334	0.207669362243	0.20408463015	0.200545135909	0.197050658099
0.193600969171	0.19019583559	0.186835017987	0.183518271301	0.180245344929
0.177015982875	0.173829923894	0.170686901644	0.16758664483	0.164528877355
0.161513318468	0.158539682907	0.155607681053	0.152717019073	0.149867399069
0.147058519219	0.144290073932	0.141561753983	0.138873246667	0.136224235933
0.133614402538	0.131043424178	0.128510975638	0.126016728928	0.123560353424
0.121141516004	0.11875988119	0.116415111277	0.114106866476	0.111834805039
0.109598583399	0.107397856296	0.105232276909	0.10310149698	0.101005166948
0.0989429360673	0.0969144525334	0.0949193636059	0.0929573157274	0.0910279546431
0.0891309255171	0.0872658730481	0.0854324415827	0.0836302752272	0.0818590179576
0.0801183137276	0.078407806575	0.0767271407257	0.075075960697	0.0734539113975
0.0718606382259	0.0702957871681	0.0687590048918	0.0672499388393	0.0657682373183
0.0643135495912	0.0628855259615	0.0614838178589	0.0601080779224	0.0587579600808
0.057433119632	0.0561332133195	0.0548578994077	0.0536068377541	0.0523796898809
0.0511761190433	0.0499957902964	0.0488383705604	0.047703528683	0.0465909355004
0.0455002638964	0.0444311888589	0.0433833875353	0.0423565392853	0.0413503257321
0.0403644308114	0.0393985408188	0.038452344455	0.0375255328699	0.0366177997033
0.0357288411256	0.0348583558753	0.0340060452953	0.0331716133672	0.0323547667443
0.0315552147822	0.0307726695679	0.0300068459475	0.029257461552	0.0285242368213
0.027806895027	0.0271051622928	0.0264187676145	0.0257474428772	0.0250909228719
0.0244489453101	0.0238212508371	0.0232075830438	0.0226076884771	0.0220213166488
0.0214482200434	0.0208881541239	0.0203408773374	0.0198061511183	0.0192837398907
0.0187734110697	0.0182749350611	0.0177880852607	0.017312638051	0.0168483727987
0.0163950718492	0.0159525205215	0.0155205071011	0.0150988228326	0.0146872619107
0.0142856214705	0.0138937015772	0.0135113052143	0.0131382382711	0.0127743095299
0.0124193306516	0.0120731161608	0.0117354834307	0.0114062526659	0.0110852468862
0.0107722919081	0.0104672163271	0.010169851498	0.00988003151554	0.00959759319425
0.00932237604744	0.00905422226593	0.00879297669624	0.00853848681818	0.00829060272207
0.00804917708552	0.00781406514971	0.00758512469537	0.00736221601835	0.0071452019048
0.00693394760608	0.00672832081334	0.00652819163178	0.00633343255472	0.0061439184373
0.00595952647011	0.00578013615245	0.00560562926553	0.0054358898454	0.00527080415581
0.00511026066086	0.00495414999757	0.00480236494838	0.00465480041346	0.00451135338308
0.00437192290983	0.00423641008081	0.00410471798988	0.00397675170979	0.00385241826438
0.00373162660077	0.00361428756161	0.00350031385735	0.00338962003855	0.00328212246831
0.00317773929473	0.00307639042348	0.00297799749047	0.00288248383468	0.00278977447098
0.00269979606326	0.00261247689754	0.00252774685534	0.00244553738718	0.00236578148621
0.00228841366205	0.00221336991482	0.00214058770936	0.00207000594961	0.00200156495323
0.00193520642644	0.00187087343903	0.00180851039964	0.00174806303126	0.00168947834692
0.00163270462566	0.00157769138875	0.00152438937613	0.00147275052311	0.00142272793729
0.00137427587583	0.00132734972288	0.00128190596732	0.00123790218077	0.00119529699587
0.00115405008478	0.00111412213805	0.00107547484366	0.00103807086641	0.00100187382757
0.000966848284768	0.000932959712215	0.000900174481184	0.000868459840763	0.000837783898901
0.000808115603728	0.000779424725164	0.0007516818368	0.000724858298066	0.000698926236676
0.000673858531354	0.000649628794838	0.000626211357162	0.000603581249217	0.000581714186582
0.000560586553632	0.000540175387927	0.000520458364855	0.000501413782561	0.000483020547136
0.000465258158071	0.000448106693982	0.000431546798589	0.000415559666961	0.000400127032015
0.000385231151271	0.000370854793867	0.00035698122781	0.000343594207492	0.00033067796144
0.000318217180315	0.000306197005147	0.000294603015815	0.000283421219752	0.000272638040892
0.000262240308841	0.000252215248277	0.000242550468571	0.000233233953631	0.000224254051965
0.000215599466955	0.000207259247348	0.000199222777952	0.000191479770538	0.000184020254948
0.000176834570402	0.000169913356996	0.000163247547405	0.000156828358767	0.000150647284757
0.00014469608785	0.00013896679176	0.000133451674059	0.000128143258978	0.000123034310366
0.000118117824838	0.000113387025068	0.000108835353267	0.000104456464804	0.000100244221992
9.61926880352e-05	9.22961211125e-05	8.85489686242e-05	8.49458615775e-05	8.1481609117e-05
7.81511931955e-05	7.49497633821e-05	7.18726318056e-05	6.89152682301e-05	6.60732952589e-05
