1.0 0.992021287371 0.984043372566 0.976067053172 0.968093126294 
0.960122388323 0.952155634692 0.944193659639 0.936237255972 0.92828721483 
0.920344325446 0.912409374915 0.904483147959 0.896566426691 0.888659990388 
0.88076461526 0.872881074217 0.86501013665 0.857152568198 0.84930913053 
0.841480581122 0.833667673035 0.825871154704 0.818091769716 0.810330256604 
0.802587348634 0.794863773596 0.787160253604 0.779477504888 0.771816237602 
0.764177155622 0.756560956356 0.748968330553 0.741399962119 0.733856527928 
0.726338697649 0.718847133564 0.711382490399 0.703945415152 0.696536546928 
0.689156516779 0.681805947545 0.674485453696 0.667195641191 0.659937107321 
0.652710440576 0.645516220501 0.638355017565 0.631227393032 0.624133898835 
0.617075077452 0.610051461795 0.603063575094 0.59611193079 0.589197032431 
0.582319373577 0.575479437698 0.568677698093 0.561914617797 0.555190649507 
0.5485062355 0.541861807566 0.535257786938 0.528694584231 0.522172599386 
0.515692221612 0.509253829343 0.502857790191 0.496504460907 0.490194187349 
0.483927304446 0.47770413618 0.471524995559 0.465390184602 0.45929999433 
0.453254704754 0.447254584875 0.441299892685 0.435390875171 0.429527768327 
0.423710797167 0.417940175743 0.412216107172 0.406538783656 0.400908386521 
0.395325086245 0.389789042504 0.384300404207 0.378859309553 0.373465886074 
0.368120250694 0.362822509784 0.357572759229 0.352371084491 0.347217560677 
0.342112252617 0.337055214934 0.332046492127 0.327086118655 0.322174119022 
0.317310507863 0.312495290043 0.307728460745 0.303010005577 0.298339900662 
0.293718112752 0.289144599328 0.284619308712 0.280142180178 0.275713144064 
0.271332121893 0.266999026485 0.262713762085 0.25847622448 0.254286301126 
0.250143871274 0.246048806103 0.242000968842 0.23800021491 0.234046392046 
0.230139340443 0.226278892888 0.222464874896 0.218697104851 0.214975394149 
0.211299547334 0.207669362243 0.20408463015 0.200545135909 0.197050658099 
0.193600969171 0.19019583559 0.186835017987 0.183518271301 0.180245344929 
0.177015982875 0.173829923894 0.170686901644 0.16758664483 0.164528877355 
0.161513318468 0.158539682907 0.155607681053 0.152717019073 0.149867399069 
0.147058519219 0.144290073932 0.141561753983 0.138873246667 0.136224235933 
0.133614402538 0.131043424178 0.128510975638 0.126016728928 0.123560353424 
0.121141516004 0.11875988119 0.116415111277 0.114106866476 0.111834805039 
0.109598583399 0.107397856296 0.105232276909 0.10310149698 0.101005166948 
0.0989429360673 0.0969144525334 0.0949193636059 0.0929573157274 0.0910279546431 
0.0891309255171 0.0872658730481 0.0854324415827 0.0836302752272 0.0818590179576 
0.0801183137276 0.078407806575 0.0767271407257 0.075075960697 0.0734539113975 
0.0718606382259 0.0702957871681 0.0687590048918 0.0672499388393 0.0657682373183 
0.0643135495912 0.0628855259615 0.0614838178589 0.0601080779224 0.0587579600808 
0.057433119632 0.0561332133195 0.0548578994077 0.0536068377541 0.0523796898809 
0.0511761190433 0.0499957902964 0.0488383705604 0.047703528683 0.0465909355004 
0.0455002638964 0.0444311888589 0.0433833875353 0.0423565392853 0.0413503257321 
0.0403644308114 0.0393985408188 0.038452344455 0.0375255328699 0.0366177997033 
0.0357288411256 0.0348583558753 0.0340060452953 0.0331716133672 0.0323547667443 
0.0315552147822 0.0307726695679 0.0300068459475 0.029257461552 0.0285242368213 
0.027806895027 0.0271051622928 0.0264187676145 0.0257474428772 0.0250909228719 
0.0244489453101 0.0238212508371 0.0232075830438 0.0226076884771 0.0220213166488 
0.0214482200434 0.0208881541239 0.0203408773374 0.0198061511183 0.0192837398907 
0.0187734110697 0.0182749350611 0.0177880852607 0.017312638051 0.0168483727987 
0.0163950718492 0.0159525205215 0.0155205071011 0.0150988228326 0.0146872619107 
0.0142856214705 0.0138937015772 0.0135113052143 0.0131382382711 0.0127743095299 
0.0124193306516 0.0120731161608 0.0117354834307 0.0114062526659 0.0110852468862 
0.0107722919081 0.0104672163271 0.010169851498 0.00988003151554 0.00959759319425 
0.00932237604744 0.00905422226593 0.00879297669624 0.00853848681818 0.00829060272207 
0.00804917708552 0.00781406514971 0.00758512469537 0.00736221601835 0.0071452019048 
0.00693394760608 0.00672832081334 0.00652819163178 0.00633343255472 0.0061439184373 
0.00595952647011 0.00578013615245 0.00560562926553 0.0054358898454 0.00527080415581 
0.00511026066086 0.00495414999757 0.00480236494838 0.00465480041346 0.00451135338308 
0.00437192290983 0.00423641008081 0.00410471798988 0.00397675170979 0.00385241826438 
0.00373162660077 0.00361428756161 0.00350031385735 0.00338962003855 0.00328212246831 
0.00317773929473 0.00307639042348 0.00297799749047 0.00288248383468 0.00278977447098 
0.00269979606326 0.00261247689754 0.00252774685534 0.00244553738718 0.00236578148621 
0.00228841366205 0.00221336991482 0.00214058770936 0.00207000594961 0.00200156495323 
0.00193520642644 0.00187087343903 0.00180851039964 0.00174806303126 0.00168947834692 
0.00163270462566 0.00157769138875 0.00152438937613 0.00147275052311 0.00142272793729 
0.00137427587583 0.00132734972288 0.00128190596732 0.00123790218077 0.00119529699587 
0.00115405008478 0.00111412213805 0.00107547484366 0.00103807086641 0.00100187382757 
0.000966848284768 0.000932959712215 0.000900174481184 0.000868459840763 0.000837783898901 
0.000808115603728 0.000779424725164 0.0007516818368 0.000724858298066 0.000698926236676 
0.000673858531354 0.000649628794838 0.000626211357162 0.000603581249217 0.000581714186582 
0.000560586553632 0.000540175387927 0.000520458364855 0.000501413782561 0.000483020547136 
0.000465258158071 0.000448106693982 0.000431546798589 0.000415559666961 0.000400127032015 
0.000385231151271 0.000370854793867 0.00035698122781 0.000343594207492 0.00033067796144 
0.000318217180315 0.000306197005147 0.000294603015815 0.000283421219752 0.000272638040892 
0.000262240308841 0.000252215248277 0.000242550468571 0.000233233953631 0.000224254051965 
0.000215599466955 0.000207259247348 0.000199222777952 0.000191479770538 0.000184020254948 
0.000176834570402 0.000169913356996 0.000163247547405 0.000156828358767 0.000150647284757 
0.00014469608785 0.00013896679176 0.000133451674059 0.000128143258978 0.000123034310366 
0.000118117824838 0.000113387025068 0.000108835353267 0.000104456464804 0.000100244221992 
9.61926880352e-05 9.22961211125e-05 8.85489686242e-05 8.49458615775e-05 8.1481609117e-05 
7.81511931955e-05 7.49497633821e-05 7.18726318056e-05 6.89152682301e-05 6.60732952589e-05 
6.33424836662e-05 6.07187478532e-05 5.81981414238e-05 5.57768528811e-05 5.3451201439e-05 
5.12176329481e-05 4.90727159328e-05 4.70131377373e-05 4.50357007771e-05 4.31373188963e-05 
4.1315013825e-05 3.95659117365e-05 3.78872399012e-05 3.62763234363e-05 3.47305821473e-05 
3.32475274594e-05 3.18247594382e-05 3.04599638961e-05 2.91509095818e-05 2.78954454538e-05 
2.66914980318e-05 2.55370688276e-05 2.44302318506e-05 2.33691311895e-05 2.23519786642e-05 
2.13770515498e-05 2.0442690368e-05 1.95472967459e-05 1.86893313403e-05 1.78673118256e-05 
1.7079810942e-05 1.63254546055e-05 1.56029200762e-05 1.49109341827e-05 1.4248271603e-05 
1.36137531987e-05 1.30062444019e-05 1.24246536537e-05 1.18679308911e-05 1.13350660838e-05 
1.08250878155e-05 1.03370619144e-05 9.87009012499e-06 9.4233088237e-06 8.99588777714e-06 
8.58702893991e-06 8.19596529333e-06 7.8219597206e-06 7.46430392096e-06 7.12231735922e-06 
6.79534624948e-06 6.48276257476e-06 6.18396313801e-06 5.89836864573e-06 5.62542282334e-06 
5.3645915592e-06 5.11536207881e-06 4.87724214748e-06 4.64975929981e-06 4.43246009629e-06 
4.22490940499e-06 4.02668970967e-06 3.83740043985e-06 3.65665732716e-06 3.48409178064e-06 
3.31935028863e-06 3.16209383788e-06 3.01199735508e-06 2.86874916888e-06 2.73205048917e-06 
2.60161490773e-06 2.47716791479e-06 2.35844643304e-06 2.24519837078e-06 2.137182189e-06 
2.03416648503e-06 1.93592959197e-06 1.84225919231e-06 1.75295194582e-06 1.66781313182e-06 
1.5866563039e-06 1.50930295839e-06 1.43558221399e-06 1.3653305051e-06 1.29839128582e-06 
1.23461474399e-06 1.17385752896e-06 1.11598248642e-06 1.06085840601e-06 1.00835977679e-06 
9.58366553228e-07 9.10763929607e-07 8.65442123743e-07 8.22296167602e-07 7.81225708568e-07 
7.42134815823e-07 7.04931796269e-07 6.6952901645e-07 6.35842732466e-07 6.03792924991e-07 
5.73303143847e-07 5.44300354566e-07 5.16714795173e-07 4.90479836079e-07 4.65531846183e-07 
4.41810064533e-07 4.19256477979e-07 3.97815702158e-07 3.77434868248e-07 3.58063514394e-07 
3.3965348134e-07 3.22158812294e-07 3.05535656553e-07 2.89742178694e-07 2.74738468642e-07 
2.60486459069e-07 2.46949842575e-07 2.34093994855e-07 2.2188590032e-07 2.10294080594e-07 
1.99288526348e-07 1.88840631354e-07 1.78923130756e-07 1.69510039782e-07 1.6057659713e-07 
1.52099210338e-07 1.44055401607e-07 1.36423758734e-07 1.29183886477e-07 1.2231635993e-07 
1.15802680778e-07 1.0962523489e-07 1.03767252124e-07 9.82127665861e-08 9.29465815425e-08 
8.79542318977e-08 8.32219519964e-08 7.87366420951e-08 7.44858386081e-08 7.04576836874e-08 
6.66408970229e-08 6.30247489752e-08 5.95990354846e-08 5.63540518694e-08 5.32805712883e-08 
5.03698200927e-08 4.76134582872e-08 4.50035579913e-08 4.25325836773e-08 4.01933741845e-08 
3.79791249561e-08 3.58833698311e-08 3.38999661675e-08 3.20230788553e-08 3.02471647728e-08 
2.85669596867e-08 2.69774649286e-08 2.54739336292e-08 2.40518585048e-08 2.27069612002e-08 
2.14351805194e-08 2.02326615462e-08 1.90957458734e-08 1.80209620559e-08 1.7005016506e-08 
1.60447837239e-08 1.51372994139e-08 1.42797520475e-08 1.34694742027e-08 1.27039372355e-08 
1.19807428423e-08 1.12976172861e-08 1.06524054022e-08 1.00430634919e-08 9.46765510434e-09 
8.92434481869e-09 8.41139358165e-09 7.92715315612e-09 7.47006256852e-09 7.03864233564e-09 
6.63149202218e-09 6.24728424548e-09 5.88476267716e-09 5.54273760223e-09 5.22008214432e-09 
4.91573004524e-09 4.62867166817e-09 4.35795133313e-09 4.10266487449e-09 3.86195608826e-09 
3.63501562184e-09 3.42107742135e-09 3.21941628911e-09 3.02934677343e-09 2.8502207261e-09 
2.68142485993e-09 2.52237941645e-09 2.37253594548e-09 2.23137619493e-09 2.09841033438e-09 
1.97317540085e-09 1.85523330032e-09 1.74417080778e-09 1.63959668065e-09 1.54114232487e-09 
1.44845824224e-09 1.36121558469e-09 1.27910260161e-09 1.20182552799e-09 1.12910680805e-09 
1.06068465122e-09 9.96311477763e-10 9.35753474707e-10 8.78790817893e-10 8.25214785394e-10 
7.74829533867e-10 7.27449434024e-10 6.82899958804e-10 6.41015907021e-10 6.01642069498e-10 
5.64631674749e-10 5.29845944897e-10 4.97154983847e-10 4.66435112756e-10 4.37570868428e-10 
4.10452782873e-10 3.84977383305e-10 3.61048080322e-10 3.38572947456e-10 3.17466053446e-10 
2.97645685876e-10 2.79035461404e-10 2.61563215531e-10 2.45161224655e-10 2.29765095838e-10 
2.15314877039e-10 2.01753724838e-10 1.89028126485e-10 1.770878999e-10 1.65885749581e-10 
1.55377044564e-10 1.45519596373e-10 1.36274325158e-10 1.27603927425e-10 1.19473542171e-10 
1.1185008475e-10 1.04702913006e-10 9.80029390973e-11 9.17226294916e-11 8.58364490597e-11 
8.03199728949e-11 7.51507744923e-11 7.0307315525e-11 6.57696119788e-11 6.15187900621e-11 
5.75370862066e-11 5.38078470669e-11 5.0315307476e-11 4.70448124901e-11 4.39825953436e-11 
4.11157774494e-11 3.84319243096e-11 3.59199336941e-11 3.35687033726e-11 3.13682413378e-11 
2.93092217163e-11 2.7382762724e-11 2.55804266658e-11 2.3894219936e-11 2.23170371072e-11 
2.08419947967e-11 1.94624316663e-11 1.81723525117e-11 1.69662062177e-11 1.58386637139e-11 
1.47846179743e-11 1.37991840177e-11 1.28781429964e-11 1.20174981078e-11 1.12132525487e-11 
1.04618536056e-11 9.75997060948e-12 9.10405084653e-12 8.49142978154e-12 7.91922083465e-12 
7.3849815152e-12 6.88604728794e-12 6.4201977068e-12 5.98521232575e-12 5.57931478795e-12 
5.20028464734e-12 4.8465675917e-12 4.51638726418e-12 4.20841139714e-12 3.92108567837e-12 
3.65285579562e-12 3.40283357048e-12 3.1694646907e-12 2.95186097787e-12 2.74891220897e-12 
2.55973020558e-12 2.38320474466e-12 2.21866969241e-12 2.06523687041e-12 1.92246218944e-12 
1.78923542649e-12 1.66511249233e-12 1.54942725317e-12 1.44151357517e-12 1.34114941375e-12 
1.24766863507e-12 1.16040510534e-12 1.07935882454e-12 1.00364161426e-12 9.332534745e-13 
8.67750316047e-13 8.06688049693e-13 7.50066675437e-13 6.97220059465e-13 6.47926157171e-13 
6.02184968557e-13 5.59552404411e-13 5.19806420129e-13 4.82947015712e-13 4.48752146553e-13 
4.16777723444e-13 3.87023746384e-13 3.59490215374e-13 3.33733041202e-13 3.09974268475e-13 
2.87769807983e-13 2.67119659725e-13 2.48023823701e-13 2.30260255307e-13 2.13606909938e-13 
1.98285832198e-13 1.83852932878e-13 1.70530256582e-13 1.58317803312e-13 1.46771483855e-13 
1.36113342819e-13 1.26343380202e-13 1.17017506795e-13 1.08579811808e-13 1.00586206031e-13 
9.32587340685e-14 8.65973959208e-14 8.01581023779e-14 7.43849426499e-14 6.88338275268e-14 
6.37268016135e-14 5.90638649101e-14 5.48450174165e-14 5.08482145278e-14 4.70734562441e-14 
4.35207425653e-14 4.04121180964e-14 3.73034936274e-14 3.46389583683e-14 3.19744231092e-14 
2.9531932455e-14 2.73114864058e-14 2.53130849615e-14 2.35367281221e-14 2.17603712827e-14 
2.02060590482e-14 1.86517468137e-14 1.70974345792e-14 1.59872115546e-14 1.46549439251e-14 
1.35447209004e-14 1.26565424807e-14 1.15463194561e-14 1.06581410364e-14 9.99200722163e-15 
9.10382880193e-15 8.43769498715e-15 7.77156117238e-15 7.32747196253e-15 6.66133814775e-15 
6.2172489379e-15 5.77315972805e-15 5.3290705182e-15 4.88498130835e-15 4.4408920985e-15 
4.21884749358e-15 3.77475828373e-15 3.5527136788e-15 3.33066907388e-15 3.10862446895e-15 
2.88657986403e-15 2.6645352591e-15 2.44249065418e-15 2.22044604925e-15 1.99840144433e-15 
1.7763568394e-15 1.7763568394e-15 1.55431223448e-15 1.55431223448e-15 1.33226762955e-15 
